211033,
211035,
211036,
211037,
211044,
211122,
212001,
212070,
212071,
212072,
212075,
213001,
213002,
213004,
213005,
213009,
213010,
213016,
213019,
213047,
213060,
213063,
213074,
214013,
214026,
214048,
214111,
215001,
215011,
215023,
215034,
216001,
217036,
217059,
218010,
218049,
218062,
218066,
219001,
219005,
251039,
251066,
251084,
253024,
253025,
253026,
253030,
254065,
254066,
254067,
254075,
254076,
254080,
231005,
231006,
231007,
231045,
232003,
232057,
232069,
232655,
232807,
233001,
233042,
233044,
233045,
233046,
234058,
234061,
234063,
234064,
235001,
235002,
235057,
241086,
241088,
241215,
244087,
244088,
244113,
245085,
245086,
245100,
245143,
245506,
224211,
225262,
226010,
226026,
226195,
242002,
242003,
242092,
243029,
252001,
252019,
252039,
252060,
252075