111165,
111168,
111169,
111170,
111171,
112110,
112138,
112139,
112140,
112146,
112150,
112168,
112172,
112223,
113174,
113175,
113176,
113177,
113181,
113240,
121053,
121057,
121067,
121068,
121069,
121076,
124027,
124039,
124041,
124042,
122055,
122059,
122060,
122061,
122062,
122089,
122140,
123086,
123113,
123128,
123129,
123130,
123135,
131170,
131171,
131172,
131181,
131233,
131250,
131252,
131381,
131384,
131391,
131487,
131495,
132095,
132096,
132110,
132174,
132183,
134049,
134059,
134061,
133064,
133065,
133066,
133097,
133103,
133104,
141170,
141178,
141181,
141195,
141277,
145176,
145200,
146003,
146006,
146007,
146059,
146278,
142003,
142133,
142152,
142153,
142154,
142156,
142158,
142159,
142165,
142174,
142184,
142256,
142272,
142276,
144116,
144117,
144136,
144141,
144157,
144161,
143069,
143070,
152042,
152046,
152047,
152068,
152081,
152082,
152095,
152097,
152154,
152158,
152159,
152160,
152180,
152182,
152208,
152209,
152210,
152211,
152214,
152215,
152216,
152217,
152218,
152219,
152220,
152221,
152222,
152223,
152224,
152226,
151107,
151108,
151120,
151126,
151192,
151193,
151194,
154189,
154289,
154395,
154412,
154413,
155185,
155227,
155228,
155384,
163010,
163068,
163080,
163087,
163090,
163116,
163118,
163121,
163125,
163126,
163142,
163146,
163154,
163156,
163187,
163190,
163200,
163215,
166115,
166116,
166117,
162058,
162059,
162080,
162110,
161111,
161112,
161113,
161117,
174103,
174130,
174131,
174132,
174141,
174142,
174143,
174277,
174278,
174279,
174280,
174287,
174288,
171066,
171067,
171085,
171086,
171087,
171088,
171124,
173051,
173055,
173062,
173071,
173117,
172072,
172073,
172078,
172188,
172189,
184125,
184134,
184141,
184142,
184147,
184148,
184149,
184152,
184155,
184169,
184174,
184236,
181035,
181036,
181038,
181039,
181045,
181046,
181047,
181051,
181052,
181056,
181058,
181059,
181116,
181117,
181118,
181120,
181170,
182037,
182057,
182058,
182059,
182105,
183052,
183053,
183054,
183055,
183124,
165111,
165123,
165124,
165125,
165173,
153115,
153153,
153175,
153177,
153180,
164035,
164081,
164082